81: 181,50,237,151,257,117,127,100,405,222
399: 56,98,969,79,50,181,432,405,28,69
890: 183,180,56,12,64,175,173,79,182,511
385: 175,170,137,179,603,10,382,23,268,100
751: 97,173,22,195,69,64,423,526,318,191
34: 269,302,272,313,333,310,315,305,326,345
194: 603,357,98,64,135,514,180,132,511,56
325: 483,603,64,479,132,174,12,168,191,318
414: 268,258,325,269,333,327,340,303,286,271
730: 181,258,237,127,117,288,222,294,276,405
560: 100,50,7,127,475,56,408,169,276,124
886: 7,96,210,12,151,172,186,183,204,168
355: 326,333,302,313,327,288,879,272,304,258
606: 50,117,7,222,79,405,98,742,210,9
595: 7,100,129,25,1,276,13,298,237,410
478: 181,50,174,127,9,7,210,98,172,96
489: 333,245,310,328,258,690,354,304,329,323
672: 111,289,286,15,287,283,285,934,312,742
402: 1,276,117,64,174,318,238,508,56,258
830: 79,28,96,64,423,526,216,496,204,318
739: 258,347,313,300,302,751,271,315,272,316
392: 286,100,124,242,258,301,483,306,275,285
907: 742,222,257,181,405,9,300,845,255,546
648: 56,28,50,222,566,69,588,196,88,97
29: 272,301,313,100,242,289,300,315,324,319
166: 326,748,288,333,245,310,272,307,294,270
591: 14,275,514,170,137,286,531,462,197,483
585: 382,381,971,582,512,462,1194,57,921,558
530: 15,1,9,25,111,117,121,216,742,274
106: 70,88,153,98,423,427,283,196,191,204
231: 742,15,118,237,117,294,282,257,125,1
665: 237,121,222,405,100,294,257,118,471,79
473: 100,93,276,286,13,10,7,813,9,269
170: 313,300,288,310,272,748,302,328,269,258
679: 174,195,79,258,22,176,98,173,96,144
526: 286,258,268,1,475,257,515,124,237,294
684: 121,274,50,125,25,222,71,210,95,471
598: 310,269,315,245,272,690,289,326,302,311
609: 258,50,181,222,250,1,288,257,151,7
712: 393,88,67,720,566,274,159,155,118,216
372: 217,201,288,895,573,567,433,184,17,379
333: 22,427,64,174,216,357,318,79,173,172
615: 483,514,170,98,132,86,603,185,474,64
546: 201,665,184,559,260,447,895,327,235,217
704: 357,483,427,511,133,705,479,520,657,194
179: 307,326,327,748,346,245,328,286,331,269
285: 50,258,181,222,7,294,127,117,751,1
71: 100,127,50,198,483,12,286,179,515,181
291: 121,118,210,222,742,237,164,127,176,234
880: 50,117,7,121,1,79,56,742,118,300
226: 100,475,1,50,181,127,124,151,276,273
140: 313,258,269,242,307,300,301,315,272,340
652: 300,294,313,286,748,258,288,15,322,269
873: 286,269,288,333,748,302,245,258,310,270
101: 1,118,222,15,125,471,282,294,7,111
238: 294,117,237,15,258,328,50,748,222,1
52: 286,9,283,14,1,127,269,276,50,124
763: 179,56,47,70,185,514,191,23,154,175
298: 64,318,69,204,216,427,202,173,191,496
872: 323,748,125,294,678,332,15,322,148,282
302: 313,258,302,272,327,315,326,300,304,286
254: 174,88,202,96,385,568,216,79,173,566
748: 168,172,12,64,100,176,357,98,127,1
338: 357,654,191,528,657,482,132,194,661,531
541: 393,71,82,88,732,118,402,216,451,69
367: 559,164,447,288,200,260,271,895,452,573
582: 258,288,298,276,302,127,268,294,150,340
455: 174,237,117,222,318,258,195,210,121,168
282: 302,313,307,340,333,346,272,268,690,271
600: 168,144,228,173,164,181,12,385,403,98
314: 118,274,1028,280,756,125,15,225,25,451
465: 483,523,197,357,427,514,174,100,238,435
860: 272,315,275,269,306,321,302,242,301,116
112: 313,326,269,690,292,304,242,898,289,882
432: 1,257,117,121,127,7,100,298,471,125
698: 98,483,79,174,22,64,427,56,12,234
19: 603,268,259,50,98,174,11,272,357,651
377: 288,258,302,327,176,183,12,50,98,182
659: 357,133,135,194,132,427,172,234,659,511
59: 185,238,1,483,50,194,153,234,216,603
495: 210,183,568,385,177,164,89,588,135,196
637: 258,257,294,288,298,127,313,748,237,286
43: 1,50,28,69,427,79,22,283,204,210
216: 181,12,176,151,273,127,195,96,186,475
309: 313,307,302,333,272,315,304,327,245,310
941: 100,50,127,1,276,475,508,410,288,150
124: 174,172,79,22,173,210,228,56,161,82
153: 174,195,172,79,50,176,96,98,181,144
876: 357,483,64,100,514,127,603,124,50,654
442: 181,50,42,258,183,1,79,168,210,127
184: 213,178,427,190,191,153,194,709,179,116
557: 269,302,286,258,515,313,100,242,303,324
913: 174,172,357,182,483,79,186,181,100,187
90: 213,603,191,582,86,514,285,133,135,64
481: 174,483,64,357,318,98,423,496,194,520
627: 174,98,56,172,173,210,28,96,79,202
204: 286,269,306,311,315,305,347,690,750,313
729: 313,288,328,245,258,294,326,310,302,315
10: 514,357,427,56,318,523,135,511,175,187
790: 210,1,121,96,202,118,82,28,222,204
577: 118,210,568,88,143,172,161,402,451,222
812: 313,333,323,322,245,310,307,294,272,258
435: 50,12,234,82,164,568,135,42,28,209
737: 209,179,168,56,514,475,23,180,603,408
693: 1,64,50,194,238,483,318,56,237,100
567: 180,23,357,98,12,511,135,100,170,64
828: 242,311,292,305,166,324,345,306,690,268
786: 174,64,69,96,79,50,181,568,194,483
276: 168,127,200,210,228,268,223,201,39,48
419: 483,427,357,64,318,511,520,480,194,479
133: 313,302,286,242,303,310,316,300,340,307
244: 25,181,127,100,475,121,257,275,238,274
500: 151,1,127,50,129,12,181,508,25,185
358: 198,166,923,30,462,170,185,171,529,57
851: 288,181,7,300,100,222,294,748,268,56
123: 357,124,514,654,14,528,275,269,603,427
421: 357,258,180,483,168,479,195,64,173,484
389: 357,523,318,427,132,496,216,191,135,511
755: 313,328,333,272,326,288,315,294,292,307
268: 56,100,98,1,258,79,64,182,151,273
741: 174,210,28,79,427,64,202,423,173,318
620: 118,222,125,1028,597,472,385,678,148,82
496: 176,12,183,200,234,164,195,209,179,210
351: 690,333,269,245,286,304,302,272,898,322
570: 302,313,258,307,288,340,346,333,326,347
726: 742,111,294,282,15,322,278,121,756,328
345: 275,1,70,25,127,153,237,28,7,427
894: 269,302,137,475,268,305,127,224,321,936
643: 98,183,64,181,89,204,234,28,202,318
85: 603,427,98,216,435,153,654,173,520,196
932: 483,357,132,603,480,64,191,318,705,474
834: 286,300,294,257,268,748,1,302,508,298
190: 258,294,748,328,50,237,121,181,333,257
513: 1,237,15,125,742,405,300,471,1016,174
329: 258,357,1,294,9,475,237,64,313,531
846: 496,174,132,419,79,56,191,357,175,204
410: 245,310,300,286,326,333,328,302,332,322
734: 427,174,64,194,435,357,520,173,79,69
346: 98,176,183,222,568,82,173,186,234,89
622: 1,79,210,151,28,222,204,186,318,196
33: 326,748,333,307,327,245,332,302,270,294
815: 216,64,210,318,194,79,69,96,135,419
261: 748,313,326,328,288,323,333,678,751,332
581: 93,475,10,246,285,14,124,275,508,129
883: 475,258,286,86,181,45,179,56,268,531
396: 300,15,294,748,288,125,405,866,111,281
359: 258,222,288,257,313,300,121,24,748,100
893: 181,222,117,121,257,7,127,100,125,742
777: 100,124,286,64,318,50,483,98,127,276
675: 311,315,303,302,275,301,285,272,124,283
522: 483,603,357,474,98,174,175,56,64,183
407: 79,173,64,12,234,28,96,135,318,82
518: 111,15,282,117,471,257,181,151,50,100
162: 50,118,7,405,151,257,125,273,282,24
199: 100,124,127,275,13,137,258,7,1,116
320: 118,222,181,50,472,1,125,24,227,82
417: 210,96,174,172,176,202,588,28,568,185
9: 251,1022,100,736,306,197,740,86,275,1137
826: 82,164,62,550,79,161,222,184,183,176
902: 174,258,357,64,173,22,435,318,427,79
661: 483,64,423,357,216,28,132,173,196,100
477: 476,845,742,393,402,121,118,934,1028,155
773: 12,179,475,56,137,474,42,433,89,514
680: 100,275,237,127,124,181,475,15,13,7
809: 269,258,307,288,333,245,690,303,327,242
825: 405,288,148,15,300,257,1,471,328,1016
175: 174,98,79,96,210,204,357,318,56,423
752: 313,326,333,315,272,258,300,245,316,310
169: 347,357,98,520,603,483,272,302,22,315
206: 300,286,272,245,328,307,326,316,268,750
592: 475,7,276,181,56,408,515,182,42,93
334: 127,654,258,357,56,515,511,180,64,269
545: 385,568,210,195,118,403,227,98,94,56
119: 50,1,15,258,294,118,127,471,125,286
222: 121,117,195,96,79,98,56,237,82,405
610: 174,64,496,173,520,172,79,22,357,423
707: 14,306,303,213,514,19,165,315,509,321
105: 258,333,268,300,292,346,340,289,301,307
762: 313,292,294,269,310,333,288,300,275,258
535: 98,357,135,191,523,64,216,179,462,511
524: 98,603,357,483,185,427,135,511,64,514
234: 357,427,133,213,197,179,496,479,185,180
461: 326,307,289,258,271,302,331,333,288,300
767: 357,480,603,511,435,427,520,64,173,191
294: 294,258,300,748,286,257,302,1,272,245
23: 318,357,64,98,191,12,135,197,168,179
306: 303,302,242,313,321,315,340,306,272,268
689: 222,257,288,1,405,294,237,100,24,127
717: 286,288,294,15,328,275,100,302,304,272
363: 7,56,24,12,42,258,96,183,250,200
655: 242,269,324,170,656,657,292,286,100,303
55: 195,172,96,222,210,1,98,168,117,568
820: 313,258,300,748,328,327,272,326,307,245
286: 736,25,98,421,88,86,313,28,794,258
253: 194,435,174,357,215,423,204,603,520,651
157: 475,7,258,181,237,25,257,275,9,13
718: 125,117,288,148,237,328,748,111,472,1
864: 96,181,568,385,202,161,403,97,89,651
68: 1,100,15,9,151,7,121,117,257,742
147: 242,313,292,303,311,289,306,315,321,272
768: 15,742,294,50,111,181,300,286,258,276
208: 732,427,496,70,423,133,28,215,659,210
94: 89,176,181,175,135,210,96,195,603,357
311: 97,427,419,71,133,69,318,215,568,655
466: 271,79,168,313,82,183,144,56,751,173
658: 181,238,12,174,64,483,475,357,514,168
212: 483,357,64,435,100,191,603,275,174,194
128: 194,318,174,69,483,8,202,70,172,132
370: 483,357,174,180,132,318,474,168,194,56
782: 326,333,286,302,323,269,289,690,315,678
879: 294,257,121,117,288,258,300,298,748,742
446: 286,313,302,690,272,303,315,242,333,300
188: 1,237,181,56,96,172,423,202,222,117
553: 357,511,514,64,654,185,194,657,175,180
450: 98,173,483,196,210,732,71,8,199,402
61: 328,245,313,751,322,272,315,748,538,294
127: 751,227,328,678,326,343,313,164,226,323
425: 176,258,183,195,7,12,89,234,174,182
635: 258,286,313,268,272,340,288,242,303,333
816: 748,333,678,307,328,327,245,332,258,310
431: 313,272,258,269,310,333,302,288,315,326
14: 100,137,14,127,238,64,483,318,1,475
117: 195,288,7,127,294,79,118,300,250,748
486: 285,286,100,246,508,116,283,293,813,268
93: 111,25,15,285,9,274,237,742,13,934
624: 276,269,9,268,1,13,294,257,25,301
201: 98,56,185,23,258,89,175,127,200,48
849: 181,50,79,1,71,294,274,237,402,164
137: 288,258,328,118,294,751,117,313,326,1016
240: 258,315,300,303,690,333,268,306,327,288
40: 302,269,286,258,313,292,346,887,333,340
215: 173,79,56,176,22,96,97,318,12,82
438: 742,111,117,25,125,274,471,294,257,284
904: 25,934,845,121,756,742,476,118,15,294
562: 423,496,210,202,143,183,204,71,216,172
379: 210,483,173,196,318,97,423,186,132,22
183: 71,423,88,210,204,174,98,215,70,143
924: 483,127,124,197,98,174,181,357,56,514
558: 14,276,303,475,242,9,127,13,283,268
2: 272,258,301,124,268,300,9,340,289,315
507: 326,323,304,307,332,322,272,289,286,327
744: 100,64,357,514,1,318,124,50,9,56
801: 258,748,307,327,328,272,270,245,331,346
49: 200,179,201,558,219,89,53,171,185,436
854: 127,276,181,1,174,137,182,23,286,169
13: 357,98,173,174,191,427,79,64,56,168
574: 313,286,269,690,315,305,292,307,303,301
722: 237,258,294,1,276,313,257,50,300,288
341: 333,690,313,326,302,270,346,327,331,307
795: 56,200,176,183,7,42,185,98,172,135
898: 326,302,333,307,271,288,300,258,292,289
150: 100,7,298,50,276,508,151,258,237,124
936: 508,321,14,283,150,293,124,258,288,740
838: 181,286,318,64,515,475,151,237,117,79
940: 286,64,127,483,435,98,100,318,603,22
271: 483,435,194,100,423,215,153,1,528,134
517: 15,121,257,237,286,1,111,294,258,313
842: 302,258,286,315,340,347,307,346,300,316
130: 288,118,748,117,294,405,250,164,127,56
920: 300,288,272,269,286,748,315,328,326,245
897: 222,50,181,1,82,568,117,202,385,742
37: 144,50,181,176,385,568,222,98,82,186
82: 64,483,423,427,98,204,28,172,202,496
569: 117,50,111,275,181,121,471,127,13,742
384: 326,307,315,300,310,288,304,316,245,327
448: 286,269,242,313,690,346,887,886,272,268
324: 313,100,237,257,328,298,333,181,117,269
413: 313,294,288,302,127,268,272,328,1,748
731: 483,318,427,194,523,191,132,435,98,423
356: 302,326,288,879,327,300,245,304,748,347
887: 742,274,237,25,111,117,222,546,477,405
74: 288,286,300,302,294,50,748,268,269,333
725: 313,288,269,272,294,302,310,245,304,289
917: 111,275,9,1,100,13,742,15,283,591
749: 82,28,568,118,64,385,194,121,222,143
671: 222,385,117,405,79,164,56,24,550,1
833: 919,475,7,433,48,234,129,42,127,169
403: 121,257,125,117,742,50,15,111,471,25
195: 127,286,515,269,9,237,285,50,294,292
17: 100,276,127,124,181,50,508,9,237,286
393: 121,50,210,71,195,222,69,174,568,88
538: 64,318,96,357,186,50,210,168,181,28
906: 275,25,237,9,13,1,111,475,508,7
149: 258,242,272,315,690,306,887,327,886,307
383: 511,64,318,482,124,194,98,521,174,520
165: 50,98,22,172,195,435,204,210,4,173
596: 748,258,326,333,751,245,322,678,307,289
628: 313,333,286,289,269,307,245,327,272,331
603: 258,300,79,228,271,288,168,98,227,174
584: 181,50,195,174,117,79,144,258,405,56
604: 219,559,200,201,53,185,218,5,217,436
666: 174,194,479,173,134,474,528,197,187,172
531: 326,310,292,272,328,269,322,333,289,315
230: 174,194,318,427,210,173,483,88,215,181
472: 393,568,121,164,210,5,230,219,71,184
525: 1,127,742,100,9,50,275,294,471,117
171: 286,272,333,300,307,690,242,340,288,346
678: 294,748,15,286,328,275,269,313,237,258
79: 286,302,14,475,276,242,93,9,127,313
404: 326,315,245,322,333,288,243,751,873,307
8: 173,79,96,98,168,186,4,204,385,568
771: 100,151,25,275,127,7,257,286,9,116
330: 71,50,181,742,143,222,88,125,216,69
549: 257,121,294,181,117,1,222,742,298,15
39: 292,286,300,346,326,272,328,245,307,327
703: 1,121,298,117,742,294,405,15,7,258
901: 118,79,393,274,385,66,692,202,143,82
70: 174,168,173,195,64,318,56,144,22,204
290: 96,568,79,195,204,82,121,69,144,393
51: 483,174,194,98,135,172,357,168,427,183
100: 313,286,307,245,310,303,333,326,340,690
237: 483,357,318,511,174,523,180,654,480,134
916: 179,209,433,127,100,171,47,191,151,514
301: 118,385,117,183,228,423,161,227,173,405
885: 181,50,121,216,96,69,172,202,222,118
257: 286,475,242,269,303,321,302,116,319,124
714: 121,222,742,125,288,257,1,298,148,237
339: 135,174,89,185,514,318,132,172,50,194
143: 258,300,748,302,245,315,310,327,690,678
540: 237,1,15,294,117,127,742,121,298,300
227: 286,9,275,508,1,237,269,150,293,813
454: 172,435,98,173,357,181,222,69,117,216
778: 172,96,56,79,176,22,12,173,182,210
283: 1,174,181,172,83,423,82,237,143,88
315: 514,64,357,483,603,124,174,238,50,9
462: 748,294,258,245,333,751,678,286,323,269
934: 483,173,216,357,98,64,318,496,196,22
24: 181,50,1,174,96,195,172,64,258,182
113: 288,748,313,300,276,302,269,272,332,304
228: 300,315,310,689,22,313,328,879,245,316
374: 121,50,210,181,98,96,172,202,7,195
875: 127,357,483,168,100,511,654,89,515,23
491: 268,7,50,276,302,181,127,514,1,303
506: 22,173,98,496,526,96,419,82,133,357
58: 475,127,181,151,1,276,179,14,9,169
366: 5,218,183,665,567,234,558,433,670,379
636: 7,475,251,275,288,476,111,13,129,1
211: 1,237,50,483,64,100,357,318,15,9
829: 14,285,137,127,531,9,45,283,50,198
859: 100,13,129,1,7,275,476,9,14,508
308: 98,12,603,176,234,483,474,132,209,173
18: 483,462,70,100,191,523,511,531,64,178
653: 258,172,222,195,98,173,168,176,144,12
798: 393,402,71,739,66,451,111,732,742,67
65: 174,1,79,69,172,204,427,71,483,216
861: 14,285,275,269,311,137,306,923,224,971
554: 1,222,216,64,237,210,121,96,196,100
929: 174,64,357,168,176,183,603,79,180,173
369: 258,302,313,286,340,269,327,50,311,303
788: 174,56,22,234,603,173,50,172,182,195
482: 300,288,258,117,237,333,121,323,742,286
453: 195,181,50,96,56,176,127,79,222,1
288: 124,258,603,483,64,50,302,127,514,269
205: 313,302,286,307,258,272,269,315,300,304
97: 56,176,12,64,483,173,474,209,135,318
494: 1,9,275,50,25,483,515,318,462,257
811: 326,313,748,288,300,333,328,323,332,292
791: 313,258,286,272,288,315,307,333,301,326
434: 742,25,1028,15,845,237,756,280,284,282
692: 237,15,257,50,111,274,845,181,9,275
785: 357,483,64,172,258,98,181,182,12,100
566: 174,357,132,238,318,172,179,180,198,50
700: 64,357,483,172,168,56,194,98,79,427
187: 153,318,483,523,357,514,196,194,98,174
45: 25,237,151,405,546,125,471,411,298,475
733: 285,475,14,275,13,9,127,25,269,1
134: 300,328,288,245,272,310,333,315,322,286
418: 272,245,310,322,313,328,690,300,302,315
503: 286,483,357,86,14,191,531,64,511,153
808: 272,288,258,307,326,269,327,315,286,690
245: 742,118,121,125,15,748,294,117,148,328
62: 1,238,237,25,70,137,64,197,515,83
426: 496,357,479,180,135,175,98,173,183,64
850: 423,64,216,195,98,496,483,357,196,427
122: 216,8,132,659,133,194,427,496,382,419
259: 56,195,79,174,96,50,98,89,127,234
824: 258,302,313,333,269,286,272,307,288,346
269: 12,175,170,180,357,654,154,462,511,124
740: 313,258,286,269,272,307,315,268,327,333
275: 174,79,172,56,195,96,173,22,64,117
621: 121,118,195,7,117,568,288,210,56,1
202: 64,174,483,186,357,12,56,182,172,318
721: 70,210,300,275,79,423,117,1,88,294
571: 483,100,318,12,286,127,197,514,511,56
344: 286,1,9,318,275,514,483,181,258,269
640: 258,176,144,56,50,82,172,181,7,98
1: 56,12,475,181,1,70,318,153,182,168
756: 70,740,736,10,433,421,241,216,559,88
912: 174,98,216,523,204,172,69,79,435,191
388: 748,332,260,271,322,325,682,243,327,358
510: 300,288,748,328,333,258,307,245,332,294
191: 302,269,303,242,272,690,258,311,306,305
328: 174,64,50,173,483,427,28,195,97,181
923: 117,298,1,118,7,147,748,127,471,15
847: 70,216,275,1,28,196,210,100,56,222
589: 326,748,333,258,245,307,322,323,315,302
735: 100,269,302,313,268,275,7,508,340,14
352: 168,89,64,173,186,357,210,22,28,318
509: 268,100,127,313,98,181,7,272,300,56
387: 475,12,151,23,185,183,176,181,234,514
262: 216,83,515,132,127,143,88,382,194,707
837: 286,15,237,742,9,300,25,269,283,100
933: 176,172,98,96,210,168,144,79,204,173
580: 222,405,298,117,748,288,237,300,1,125
884: 137,86,707,170,582,45,286,166,198,512
32: 258,127,100,1,273,237,117,294,475,222
397: 603,180,654,98,511,64,514,168,179,187
892: 210,204,28,173,195,82,176,186,50,199
428: 333,326,748,258,328,292,346,690,270,286
161: 50,258,174,64,100,181,357,127,79,22
196: 275,14,283,1,9,70,137,274,197,707
519: 302,326,333,307,690,272,316,292,258,332
323: 56,1,181,276,174,12,7,195,237,96
497: 7,222,151,258,250,228,455,11,568,89
416: 237,216,118,79,222,88,127,172,257,64
732: 326,313,678,310,333,322,328,748,292,272
905: 1,50,276,181,237,475,258,127,288,298
662: 25,111,740,287,9,269,253,845,14,844
476: 82,79,172,385,402,174,173,22,526,96
521: 174,172,50,210,144,568,98,183,82,385
674: 288,298,748,257,237,300,405,328,258,313
911: 98,483,64,357,318,56,135,523,12,132
88: 304,292,313,289,305,307,302,321,242,310
390: 269,313,127,333,294,292,242,272,748,328
176: 313,288,475,508,276,302,258,286,269,294
168: 237,111,118,471,274,546,284,50,255,148
593: 15,1,210,423,121,64,79,96,202,22
613: 100,9,286,285,357,483,124,276,427,237
223: 742,118,121,274,15,125,1028,405,748,328
776: 183,185,176,56,175,12,443,474,180,209
536: 216,173,97,202,196,732,143,96,419,228
104: 286,269,258,294,300,127,275,237,288,268
233: 427,194,357,98,132,64,496,173,8,185
471: 402,155,451,732,781,1074,67,794,559,164
297: 475,127,1,9,151,276,64,318,182,168
766: 98,603,483,89,175,56,176,12,174,443
305: 170,100,531,45,483,137,514,179,197,191
686: 483,176,183,168,175,186,511,523,191,185
697: 258,288,100,313,276,117,300,250,475,508
710: 98,182,176,168,183,474,175,172,209,234
7: 135,603,89,176,357,172,168,474,210,187
335: 313,258,302,307,272,751,326,328,748,315
362: 288,307,272,748,327,326,316,315,328,245
774: 89,56,185,135,234,200,174,443,175,172
928: 258,343,302,313,327,333,748,879,288,300
287: 7,273,258,50,181,250,475,151,288,127
20: 121,300,117,222,294,328,50,161,385,79
27: 1,410,7,151,50,181,237,129,475,294
77: 174,12,64,483,172,603,357,180,135,185
719: 845,15,275,237,111,88,143,71,274,194
865: 124,129,181,150,50,276,151,127,1,508
224: 66,739,88,71,732,22,451,393,216,692
146: 340,307,750,690,316,286,242,306,305,303
54: 288,294,300,181,257,222,7,333,15,286
871: 181,222,288,174,117,294,144,328,272,315
818: 269,286,268,272,333,340,315,307,327,300
312: 514,64,194,135,175,318,523,12,174,173
248: 7,56,258,12,273,298,276,1,250,222
467: 7,127,508,258,248,237,129,50,591,273
761: 1,121,181,100,405,257,742,276,294,471
69: 100,7,475,129,408,1,276,273,24,919
638: 195,222,79,64,56,568,1,202,318,423
154: 603,483,357,474,180,12,209,56,514,64
252: 100,285,127,269,13,1,508,237,258,50
878: 213,483,70,191,357,132,86,582,318,707
447: 1,100,237,273,117,127,151,508,195,222
550: 748,258,313,294,326,333,298,343,50,250
365: 100,475,286,13,129,7,276,289,14,124
457: 69,153,50,357,71,97,523,496,238,427
775: 302,313,269,303,315,340,333,242,347,346
209: 475,13,100,740,7,283,116,25,275,129
126: 326,307,304,259,333,310,332,879,882,690
349: 237,1,100,257,126,127,9,282,508,50
66: 117,50,181,1,257,121,405,222,294,15
862: 56,174,1,7,234,100,89,258,194,28
114: 603,180,511,654,12,479,514,657,209,23
430: 127,268,276,7,475,603,286,23,269,508
696: 272,269,242,301,306,347,313,303,690,300
781: 56,12,182,168,176,89,258,174,79,183
371: 172,96,195,56,28,173,568,144,318,82
279: 50,151,181,53,219,56,164,200,217,91
625: 127,357,56,168,64,318,12,191,100,173
92: 151,127,7,12,98,185,135,318,91,200
498: 100,475,209,56,185,137,127,135,654,124
138: 64,523,174,427,9,194,435,178,197,216
241: 269,302,303,258,315,272,242,340,690,306
214: 124,50,514,357,1,181,168,276,515,9
41: 483,64,174,172,603,523,12,180,28,186
632: 210,79,568,176,56,28,496,196,216,265
561: 357,654,474,511,209,135,134,64,192,191
769: 25,476,15,121,275,845,742,237,274,283
440: 292,311,286,305,269,289,874,302,898,345
182: 237,50,121,117,222,257,100,151,25,405
559: 22,173,357,172,483,79,168,64,97,511
487: 174,79,172,181,50,121,222,118,161,202
802: 219,288,271,327,448,559,895,324,5,234
853: 313,326,307,748,328,258,245,272,292,327
423: 269,286,333,272,288,748,294,328,300,268
647: 50,117,423,181,204,172,210,237,64,98
796: 79,50,210,82,98,566,288,117,88,294
575: 174,172,483,64,98,195,56,183,496,210
12: 1,181,515,64,100,483,357,258,56,79
340: 216,69,174,28,202,143,64,318,194,732
644: 288,118,742,313,678,222,148,405,15,472
691: 483,174,194,132,357,172,173,427,168,423
488: 174,79,172,483,195,194,96,423,204,427
937: 286,100,276,475,269,127,13,137,1,268
514: 174,64,56,202,423,204,181,144,168,435
270: 7,10,844,201,433,547,100,381,740,919
814: 201,7,185,234,217,559,436,56,151,164
927: 274,742,117,181,50,222,161,1,82,568
843: 183,234,219,200,559,98,164,185,218,53
131: 275,283,116,9,13,111,272,303,321,25
246: 201,200,53,7,183,56,17,176,234,164
99: 117,181,121,222,257,258,118,15,127,288
896: 56,181,186,12,204,28,357,69,82,196
36: 326,332,678,292,313,304,881,682,690,328
568: 170,286,86,45,657,511,654,357,100,197
869: 294,257,50,181,286,1,100,111,742,258
266: 269,302,303,242,258,124,276,127,321,306
449: 14,475,213,582,242,707,512,57,30,286
743: 286,258,313,340,269,304,268,289,50,288
412: 64,50,100,181,12,176,168,98,96,79
736: 754,269,1012,10,591,333,258,268,302,276
770: 127,276,294,313,50,286,269,246,237,248
888: 1,25,275,9,285,14,15,845,283,127
357: 742,121,15,282,257,25,148,471,298,255
83: 118,71,742,210,402,451,222,143,67,202
724: 313,300,748,288,307,302,272,245,315,286
347: 174,121,237,98,161,22,127,176,151,64
670: 427,357,133,520,496,98,604,173,22,194
930: 15,286,9,237,1,25,285,111,100,14
832: 258,302,300,288,333,272,327,748,315,304
745: 56,176,168,127,174,175,483,180,182,23
192: 475,286,13,285,275,319,129,124,276,313
327: 12,175,179,137,603,98,70,474,56,483
844: 28,96,196,153,56,79,97,202,144,88
31: 603,654,657,513,427,483,479,357,100,272
394: 50,174,121,7,183,1,98,227,230,234
909: 311,923,306,242,213,269,690,971,308,1194
539: 286,170,86,427,511,242,14,213,191,462
382: 514,603,238,523,483,654,134,127,23,582
597: 288,323,258,313,121,222,117,326,118,125
64: 174,56,210,202,173,12,204,97,89,144
587: 326,307,748,302,327,346,292,328,879,331
881: 98,172,210,56,204,50,173,357,603,318
607: 14,286,166,170,285,512,198,86,275,531
475: 258,286,302,313,268,242,272,303,310,300
172: 70,98,433,845,9,127,325,218,275,44
677: 258,294,50,313,895,271,222,181,270,298
75: 237,181,50,15,9,257,7,276,111,127
405: 210,183,496,172,174,443,97,196,385,566
78: 294,1,286,100,258,50,845,275,111,328
164: 288,294,121,15,322,237,326,298,257,289
331: 654,170,303,179,656,603,45,86,657,474
617: 558,436,234,448,201,559,603,433,53,474
422: 7,123,547,298,324,288,508,240,273,1
3: 313,326,307,302,258,300,327,315,333,272
702: 300,50,228,22,161,117,226,385,294,79
38: 66,739,451,402,732,566,385,781,210,380
532: 258,50,288,174,172,210,173,222,82,294
900: 100,1,276,50,127,181,9,286,7,508
667: 64,286,100,483,70,435,153,174,514,197
293: 357,98,318,89,135,187,182,134,175,511
765: 285,269,475,100,116,86,813,306,302,221
682: 50,174,56,144,183,568,186,204,258,118
103: 181,50,1,237,100,222,257,15,127,121
668: 313,258,315,751,289,307,301,268,326,321
50: 7,129,100,302,298,276,327,919,258,340
236: 1,50,237,181,121,118,300,117,742,194
594: 286,285,275,124,9,272,303,302,315,283
73: 179,603,23,209,98,483,654,185,191,511
602: 300,15,50,288,328,742,748,258,125,471
158: 181,1,127,98,96,151,64,12,318,4
256: 121,742,1,111,148,25,181,282,50,71
715: 151,222,174,7,56,117,127,405,100,172
336: 742,25,111,1,9,117,118,181,282,127
543: 172,483,168,173,318,209,176,132,210,196
220: 302,313,258,269,272,242,300,333,327,100
142: 258,56,50,603,168,273,12,100,195,127
709: 79,118,50,181,164,1,222,144,204,405
280: 88,732,739,210,111,692,202,196,28,204
779: 118,121,742,237,405,148,546,282,257,288
316: 127,462,285,269,194,357,631,86,509,137
265: 50,121,117,181,222,405,7,15,748,127
463: 475,276,13,14,9,268,124,25,129,111
219: 515,286,166,292,127,306,511,8,512,303
300: 678,748,294,332,328,333,245,326,873,310
57: 121,1,117,742,118,125,471,294,274,300
375: 218,443,447,200,98,219,185,559,177,89
874: 100,269,303,242,268,258,475,9,116,340
759: 294,15,237,288,257,125,313,286,282,111
361: 483,357,70,191,153,318,511,216,64,462
914: 732,393,736,88,155,83,487,202,66,451
210: 64,172,318,22,173,423,12,182,144,427
858: 292,258,748,288,294,343,298,313,324,268
943: 96,176,568,56,82,183,144,222,7,121
251: 50,181,127,7,117,257,258,121,294,405
151: 357,197,194,98,100,191,153,135,511,462
799: 347,303,311,306,315,269,302,242,310,313
866: 302,286,313,269,242,272,340,303,258,311
110: 195,403,226,385,300,210,172,313,174,144
145: 288,258,300,117,748,121,895,127,1,118
618: 172,210,96,204,195,318,173,216,1,568
368: 919,288,7,324,164,547,219,433,298,258
483: 121,257,222,294,117,405,118,237,455,300
452: 357,132,318,135,56,216,12,133,183,204
493: 50,222,1,127,174,172,7,151,405,195
468: 1,238,514,181,483,523,186,276,28,23
96: 12,175,209,168,135,180,603,172,357,179
548: 325,288,748,333,895,268,259,127,272,294
437: 70,191,64,83,357,194,174,427,523,28
695: 326,313,327,333,690,292,305,346,304,331
565: 213,381,512,170,638,198,1121,582,45,14
649: 237,117,121,222,405,742,125,118,294,282
16: 210,176,204,186,483,50,173,89,28,181
784: 333,326,286,288,300,269,748,245,304,328
444: 286,258,294,302,303,268,127,285,292,242
186: 742,220,118,121,294,328,15,748,222,111
555: 1,257,237,222,258,298,121,127,151,276
135: 258,174,218,11,195,50,89,4,127,7
242: 286,289,301,242,304,312,313,476,285,321
502: 748,294,326,300,258,270,332,682,678,271
806: 172,64,79,195,183,210,357,181,173,100
46: 302,288,258,268,340,307,346,269,319,272
121: 286,269,285,127,242,306,302,283,50,276
427: 326,690,313,292,333,307,310,678,882,272
63: 475,285,7,275,13,124,302,129,268,340
258: 326,258,272,302,328,315,245,288,333,289
810: 300,310,307,258,315,302,748,245,272,347
747: 514,194,197,173,657,191,89,480,523,484
484: 118,568,117,144,161,28,71,237,22,64
459: 237,118,405,471,282,328,147,258,546,111
274: 1,121,181,257,294,151,127,222,546,7
203: 258,121,742,7,125,118,1,257,313,237
318: 216,111,9,845,88,283,427,1,318,274
572: 285,100,275,475,14,283,276,116,25,1
720: 269,303,313,340,311,690,750,305,307,344
343: 98,318,181,172,514,89,209,603,132,511
87: 96,71,28,423,98,195,69,1,181,144
623: 174,28,423,318,64,69,202,172,1,96
641: 357,603,483,98,170,654,480,179,180,474
757: 181,79,168,228,1,12,117,186,234,127
181: 111,118,15,117,125,294,237,288,300,274
840: 603,511,194,427,462,185,523,318,134,86
634: 1,276,257,7,127,181,298,258,126,275
922: 210,393,568,385,172,82,164,181,79,96
505: 79,173,172,210,195,50,427,310,258,96
44: 98,56,79,176,210,89,234,12,186,483
588: 393,118,66,210,216,274,161,385,111,50
353: 272,690,300,269,326,748,288,302,328,292
918: 213,382,30,462,736,14,1121,166,70,509
856: 313,302,269,245,288,333,328,310,326,748
848: 483,64,98,194,496,423,153,83,143,70
386: 121,118,50,125,181,288,300,257,237,294
529: 313,302,300,748,690,292,272,304,346,245
263: 483,496,427,603,173,435,520,172,191,216
925: 895,678,260,326,258,443,271,748,559,183
408: 313,300,326,333,258,271,307,245,331,292
836: 483,511,98,64,191,480,479,427,474,514
511: 288,313,270,302,748,326,258,327,690,268
80: 286,285,124,654,435,275,357,514,483,511
398: 64,174,318,98,523,204,202,210,603,135
891: 15,111,1,117,257,125,118,405,50,181
35: 332,326,333,328,313,258,310,678,304,288
750: 313,302,258,307,272,315,333,300,340,347
401: 427,423,98,215,64,132,153,659,496,732
160: 475,7,276,50,12,42,181,238,919,93
197: 751,271,173,403,313,79,326,354,168,288
322: 357,176,98,56,174,168,180,64,183,187
415: 168,357,603,12,127,191,132,176,172,209
583: 603,174,511,98,180,64,168,474,135,132
804: 79,222,172,56,96,82,117,168,258,64
354: 14,269,137,275,514,462,654,515,923,488
827: 313,258,300,288,286,333,328,302,245,315
464: 286,313,272,288,100,245,328,343,303,268
663: 237,258,50,276,127,147,294,300,293,282
805: 219,201,53,164,234,56,559,218,89,433
479: 50,56,64,79,98,12,96,100,28,89
673: 302,300,258,272,245,750,333,347,316,301
520: 285,275,272,313,302,306,321,14,310,301
831: 258,300,286,288,127,302,751,315,269,268
89: 275,111,285,845,9,13,286,116,137,476
915: 269,242,292,306,303,301,289,340,305,304
391: 98,514,483,127,1,523,276,657,185,199
28: 183,185,200,98,443,218,53,135,168,447
167: 132,483,427,197,194,496,357,462,631,498
590: 9,269,116,129,813,93,242,283,508,7
705: 121,88,568,402,742,739,451,274,66,125
107: 286,275,289,292,301,874,300,313,294,15
664: 603,357,474,511,23,175,191,135,523,238
537: 514,654,285,286,170,98,269,12,657,175
232: 12,511,180,23,179,654,318,174,209,135
470: 1,237,7,25,15,117,257,127,181,285
527: 98,175,483,474,64,654,135,318,523,179
177: 258,100,50,98,268,169,181,273,234,603
304: 288,300,748,328,121,742,117,50,257,15
608: 70,191,435,194,269,511,496,173,132,174
687: 258,333,302,748,272,307,326,328,327,346
711: 86,283,153,28,251,286,382,14,100,740
332: 288,405,148,472,250,763,298,82,164,313
547: 286,300,272,307,269,326,288,304,327,347
612: 237,50,286,222,294,520,181,257,9,471
76: 124,100,514,285,318,12,153,483,475,9
178: 121,174,79,98,204,127,405,294,742,95
681: 269,313,310,326,315,311,302,272,245,332
284: 313,272,242,690,327,300,333,316,306,311
910: 181,7,100,127,273,276,195,96,79,64
21: 324,7,53,288,559,919,547,895,327,475
296: 64,318,137,13,15,116,174,257,258,283
141: 121,742,118,15,288,1,257,405,748,111
789: 7,1,9,237,246,13,273,591,258,248
225: 483,357,174,98,496,427,603,520,318,173
870: 175,483,176,183,180,135,89,187,511,194
239: 514,483,170,23,357,657,100,191,479,192
53: 1,237,117,121,222,127,471,405,742,7
764: 118,742,50,181,25,257,471,204,210,274
639: 70,197,165,45,191,285,531,357,166,654
299: 170,100,213,462,197,70,45,382,132,357
249: 181,176,172,127,475,96,183,151,258,234
760: 220,322,294,243,328,300,678,310,274,402
303: 7,172,64,79,89,273,28,24,237,175
5: 56,210,144,96,195,176,168,568,202,265
255: 895,333,748,294,327,678,322,164,343,326
601: 56,12,98,89,176,234,603,7,200,180
738: 168,79,318,210,12,357,483,182,82,423
551: 50,181,172,1,22,144,183,173,405,234
772: 300,333,288,748,310,286,289,690,347,292
364: 272,332,328,245,300,310,313,748,322,690
26: 258,294,748,286,257,328,276,333,237,268
313: 483,496,357,173,56,132,318,96,603,28
348: 125,282,274,546,148,866,471,405,815,281
433: 127,269,258,268,515,100,603,242,357,754
863: 258,326,346,269,245,347,292,340,270,748
67: 181,1,151,257,410,50,237,455,222,118
115: 100,1,181,23,276,98,64,237,151,42
376: 127,275,137,9,1,285,286,475,462,238
436: 5,447,591,164,210,118,443,151,185,25
109: 118,568,405,98,161,71,742,28,24,88
207: 50,181,1,172,100,427,423,216,194,173
42: 393,423,274,66,174,739,451,79,67,111
139: 286,258,313,269,340,302,242,272,300,294
91: 258,300,173,347,272,172,288,56,751,302
217: 195,174,144,385,183,172,210,50,82,181
125: 216,210,64,28,423,204,79,96,69,196
152: 88,402,25,732,118,845,451,742,692,216
819: 269,302,258,285,313,242,272,690,886,301
185: 275,100,70,283,14,286,13,124,813,475
441: 237,257,742,50,288,298,405,15,127,125
556: 483,357,511,657,480,180,654,98,194,514
480: 483,357,603,180,98,179,132,657,654,64
599: 742,121,15,118,125,1028,866,25,815,328
626: 269,315,300,307,288,333,340,268,303,242
278: 302,313,310,258,303,272,300,292,750,316
420: 242,269,303,306,10,221,170,514,268,813
852: 258,304,546,477,125,181,742,288,222,628
576: 117,9,181,121,742,125,111,222,127,126
813: 326,313,748,258,328,288,347,315,245,323
797: 100,181,276,258,515,1,475,7,151,286
868: 56,168,175,169,185,200,172,42,48,483
645: 603,56,12,511,514,176,183,64,134,198
690: 204,210,71,423,121,568,143,202,96,50
787: 258,302,326,333,315,272,300,286,327,269
11: 275,98,216,153,100,196,269,272,285,50
98: 216,70,83,88,153,143,204,238,1,202
47: 302,286,313,269,242,346,272,690,315,886
277: 100,275,276,13,127,246,287,7,628,117
515: 326,327,347,300,333,302,331,751,323,748
132: 475,514,9,276,7,408,14,238,1,151
926: 313,286,272,269,300,307,268,340,288,242
501: 508,1,298,50,258,25,246,24,257,250
247: 275,283,100,1,740,116,25,124,285,9
803: 286,302,303,272,313,315,258,690,268,346
25: 64,318,28,483,523,69,172,423,194,197
754: 237,15,1,147,742,405,121,276,50,100
699: 276,286,508,127,9,237,93,275,591,7
499: 286,302,427,480,242,64,520,197,269,306
267: 96,144,79,173,200,234,28,91,42,135
630: 15,125,282,257,50,405,274,181,546,25
742: 276,9,25,7,181,275,257,285,111,117
508: 56,98,64,12,483,89,96,135,186,173
350: 357,64,56,180,12,511,100,79,182,318
889: 50,12,1,181,238,151,475,7,89,514
429: 64,98,12,483,100,1,168,191,89,523
727: 195,50,181,210,56,82,568,204,222,168
895: 237,50,286,15,257,127,258,117,276,9
84: 1,50,181,257,471,127,9,405,125,742
642: 118,739,402,67,566,82,94,161,121,216
835: 435,483,64,520,603,215,199,523,496,286
780: 70,427,191,483,173,88,196,435,98,215
931: 313,258,269,289,275,301,294,328,50,15
512: 258,174,144,70,172,4,22,181,195,268
939: 111,25,282,845,476,125,121,815,866,275
193: 66,294,22,98,71,88,216,275,427,70
326: 172,183,357,135,168,210,191,133,423,176
411: 96,98,64,204,195,144,173,176,216,423
845: 326,332,315,304,289,307,750,341,678,300
395: 50,294,174,79,222,22,300,117,15,195
30: 300,50,751,288,328,748,222,250,302,307
908: 174,357,64,98,168,180,172,12,194,173
381: 197,86,170,98,100,179,275,185,213,70
800: 294,300,286,117,100,258,313,405,328,288
753: 286,357,127,98,258,318,520,191,100,300
6: 357,603,197,654,100,657,174,98,286,178
260: 326,313,307,678,310,332,288,271,300,323
706: 121,288,300,257,742,15,405,222,313,118
758: 50,258,56,1,174,182,89,169,268,276
586: 568,385,50,210,222,82,164,176,68,7
882: 174,210,204,71,96,568,88,22,496,385
474: 357,132,153,173,100,180,1,202,133,168
523: 86,70,275,736,283,216,381,137,170,207
173: 313,307,333,272,315,288,289,305,304,346
676: 286,300,258,313,269,294,310,328,347,750
406: 12,514,603,238,100,523,209,234,197,200
163: 174,22,79,172,173,50,483,195,176,300
504: 1,742,237,15,274,194,50,88,118,79
198: 174,12,172,209,100,483,238,127,175,176
321: 511,170,427,191,528,64,194,318,98,134
456: 100,98,151,50,12,1,475,181,238,7
616: 326,333,272,300,310,245,315,307,690,748
701: 258,302,300,301,268,242,340,294,321,328
229: 313,242,303,690,315,272,305,306,292,258
903: 127,100,1,9,50,12,603,174,7,508
660: 174,172,357,64,318,56,216,258,96,28
533: 237,423,100,216,127,79,357,274,98,173
654: 181,1,222,117,118,96,15,318,237,64
292: 12,56,357,50,98,514,182,89,238,179
683: 286,269,303,315,258,306,272,313,242,311
821: 15,9,50,25,100,127,216,423,69,143
235: 357,197,427,64,132,133,603,194,479,173
669: 483,357,603,100,174,318,286,654,180,197
174: 111,25,275,274,283,815,740,1,756,70
380: 511,191,357,197,8,603,133,173,64,705
72: 216,153,483,56,172,523,202,194,183,173
716: 483,64,191,132,172,523,202,210,96,8
118: 183,12,89,168,209,219,443,53,603,182
337: 118,71,568,210,385,393,423,117,202,177
611: 302,313,690,327,258,326,316,242,245,346
542: 56,98,174,96,79,210,195,151,216,7
221: 258,176,195,11,98,183,250,127,12,174
708: 742,15,121,125,294,282,25,476,328,300
534: 125,257,405,591,111,763,298,222,50,284
102: 176,56,182,172,12,684,79,89,28,50
317: 326,748,258,313,333,327,271,307,879,343
460: 269,303,275,14,124,301,340,268,475,305
22: 172,210,56,82,265,183,7,12,28,202
295: 732,28,393,196,204,66,588,451,423,153
218: 56,174,64,98,186,127,357,182,195,96
307: 173,318,64,79,12,144,357,195,176,210
688: 313,333,748,258,327,310,292,682,328,354
651: 303,268,313,258,100,272,315,275,340,124
159: 742,121,328,282,332,748,815,148,274,300
877: 70,736,421,310,191,22,196,286,313,97
56: 82,121,96,403,95,144,117,423,24,228
360: 1,14,9,514,276,475,515,318,408,258
281: 313,326,328,333,258,245,272,307,323,294
129: 302,315,313,303,306,258,690,307,340,316
156: 514,483,603,357,64,523,654,474,511,521
942: 133,483,173,194,526,22,191,215,98,199
250: 25,9,275,237,70,276,13,137,508,273
867: 357,258,64,127,173,100,176,183,234,187
111: 258,300,272,307,326,310,288,245,289,690
144: 100,1,127,181,275,9,357,483,15,124
451: 313,302,245,272,304,292,310,322,315,271
95: 174,132,483,423,318,56,357,427,135,732
4: 302,313,347,307,326,333,331,316,751,272
310: 275,283,100,813,285,124,7,13,111,25
793: 7,1,475,237,276,410,273,25,121,9
492: 357,50,1,514,276,9,483,181,408,174
469: 603,511,357,480,170,427,604,479,657,661
213: 1,222,237,183,210,89,168,96,423,202
694: 483,64,173,423,79,603,96,56,186,22
783: 313,302,288,327,346,286,326,748,272,300
564: 294,258,328,748,288,286,50,751,323,222
373: 216,28,423,202,732,82,71,143,83,98
189: 483,98,357,64,514,427,603,12,70,238
445: 258,181,50,169,408,195,250,127,273,100
552: 100,181,1,257,276,15,298,313,117,288
605: 50,181,237,318,9,427,127,124,197,174
243: 70,275,283,216,9,14,137,153,523,100
807: 568,173,202,96,195,194,88,98,265,732
424: 286,269,294,111,313,300,310,285,328,272
938: 742,237,294,1,405,298,15,282,117,125
614: 237,15,117,257,50,181,742,127,471,282
120: 237,15,257,117,127,100,181,276,471,294
728: 286,111,300,275,294,237,328,313,272,9
817: 258,50,7,181,313,300,298,250,100,121
15: 275,286,283,845,25,269,237,116,274,100
116: 286,269,302,272,313,315,303,300,100,50
60: 483,174,132,194,56,480,318,191,427,187
746: 210,195,79,56,28,50,168,98,173,228
485: 286,292,242,310,315,690,333,326,306,750
458: 9,50,181,286,151,523,483,13,357,508
200: 118,181,79,172,265,96,566,117,195,218
650: 483,603,172,64,56,79,185,180,12,210
136: 100,285,1,275,50,181,269,237,13,408
319: 286,269,258,315,272,303,242,340,304,333
633: 174,22,172,210,144,568,161,222,181,173
579: 275,237,70,15,9,427,318,64,204,423
899: 210,28,96,181,1,69,196,70,173,435
342: 127,1,137,50,181,151,276,357,64,98
439: 100,237,508,9,117,127,1,286,50,13
713: 286,313,315,300,245,258,328,750,690,306
619: 222,288,751,748,405,294,172,210,328,56
563: 216,222,739,117,111,88,66,275,845,177
935: 1,111,257,405,294,471,222,50,255,866
378: 216,50,1,127,56,202,357,69,483,427
823: 318,210,12,28,483,357,1,202,523,69
180: 70,204,88,174,210,143,1,64,202,28
921: 739,300,88,22,310,71,121,216,117,118
841: 326,288,328,245,307,310,879,332,269,316
48: 435,133,479,173,64,180,318,8,659,705
657: 286,313,258,300,288,100,275,272,328,50
855: 213,707,132,179,483,170,923,45,197,127
919: 7,50,288,1,268,475,127,321,591,302
723: 50,181,288,127,250,56,195,313,7,176
794: 100,124,276,286,9,268,508,408,258,7
573: 483,64,357,100,318,98,514,286,603,124
264: 12,200,100,474,135,89,176,23,48,180
528: 79,172,64,195,483,197,96,69,318,22
839: 100,237,276,275,9,13,257,7,508,124
148: 56,127,98,181,64,12,79,483,96,195
409: 170,654,180,462,198,132,135,528,657,134
516: 258,127,1,269,174,257,313,300,100,318
272: 174,603,176,64,168,180,89,318,182,173
629: 100,318,1,181,216,12,70,79,28,483
